# MVE view meta data is stored in INI-file syntax.
# This file is generated, formatting will get lost.

[camera]
focal_length = 1.960674524
pixel_aspect = 1
principal_point = 0.5 0.5
rotation = 0.9999708533 0.000999984215 -0.007567007095 -0.001016400172 0.999997139 -0.002165947808 0.007564815693 0.002173575573 0.9999690056
translation = 0.09643826634 0.04758434743 -0.1065142676

[view]
id = 4
name = DSC_0060_RESIZED
