# MVE view meta data is stored in INI-file syntax.
# This file is generated, formatting will get lost.

[camera]
focal_length = 2.05510354
pixel_aspect = 1
principal_point = 0.5 0.5
rotation = -0.04099118337 -0.3019648194 0.9524372816 0.3305693865 0.8954576254 0.2981267869 -0.9428910613 0.327067256 0.06311446428
translation = -9.592351913 -3.239117384 9.112390518

[view]
id = 19
name = DSC_0075_RESIZED
