# MVE view meta data is stored in INI-file syntax.
# This file is generated, formatting will get lost.

[camera]
focal_length = 2.0394485
pixel_aspect = 1
principal_point = 0.5 0.5
rotation = 0.04732743651 -0.300016582 0.9527592659 0.3170306087 0.9090232849 0.2704962492 -0.9472336769 0.2892519534 0.1381361783
translation = -9.520212173 -2.853114128 8.369585037

[view]
id = 18
name = DSC_0074_RESIZED
