# MVE view meta data is stored in INI-file syntax.
# This file is generated, formatting will get lost.

[camera]
focal_length = 2.097778559
pixel_aspect = 1
principal_point = 0.5 0.5
rotation = 0.8818758726 -0.1247271895 0.4546847939 0.1272407174 0.9915514588 0.02521072887 -0.4539877176 0.03562168032 0.8902954459
translation = -4.530806065 -0.3946948946 1.799572468

[view]
id = 8
name = DSC_0064_RESIZED
