# MVE view meta data is stored in INI-file syntax.
# This file is generated, formatting will get lost.

[camera]
focal_length = 2.036672354
pixel_aspect = 1
principal_point = 0.5 0.5
rotation = 0.2500742972 -0.2960431874 0.9218575358 0.311693877 0.9260395169 0.2128323466 -0.9166840911 0.2341134548 0.3238535523
translation = -9.126008987 -2.368117809 6.626816273

[view]
id = 16
name = DSC_0072_RESIZED
