# MVE view meta data is stored in INI-file syntax.
# This file is generated, formatting will get lost.

[camera]
focal_length = 1.986729383
pixel_aspect = 1
principal_point = 0.5 0.5
rotation = 0.9319819212 -0.09669095278 0.3493714333 0.09767484665 0.9951075315 0.01484583504 -0.3490975499 0.02028873935 0.9368668795
translation = -3.508354902 -0.2217554599 0.7499656081

[view]
id = 7
name = DSC_0063_RESIZED
