# MVE view meta data is stored in INI-file syntax.
# This file is generated, formatting will get lost.

[camera]
focal_length = 2.094503164
pixel_aspect = 1
principal_point = 0.5 0.5
rotation = 0.5360027552 -0.2622313201 0.8024560213 0.2731511593 0.9532737136 0.1290643513 -0.798805058 0.1500129849 0.5825862288
translation = -7.971606731 -1.564251184 4.553688526

[view]
id = 13
name = DSC_0069_RESIZED
