# MVE view meta data is stored in INI-file syntax.
# This file is generated, formatting will get lost.

[camera]
focal_length = 2.083501339
pixel_aspect = 1
principal_point = 0.5 0.5
rotation = -0.205685854 -0.2847582102 0.9362725019 0.3253951967 0.8823922873 0.3398557901 -0.9229362011 0.3745620847 -0.08883664757
translation = -9.474551201 -3.532048941 10.53181934

[view]
id = 22
name = DSC_0078_RESIZED
