# MVE view meta data is stored in INI-file syntax.
# This file is generated, formatting will get lost.

[camera]
focal_length = 1.62577343
pixel_aspect = 1
principal_point = 0.5 0.5
rotation = 0.9899147749 -0.02851193585 0.1387649775 0.01529938914 0.9953247309 0.09536656737 -0.1408352554 -0.09228174388 0.9857227206
translation = -1.691892743 -0.8877797127 -0.7441399097

[view]
id = 1
name = DSC_0057_RESIZED
