# MVE view meta data is stored in INI-file syntax.
# This file is generated, formatting will get lost.

[camera]
focal_length = 1.614359736
pixel_aspect = 1
principal_point = 0.5 0.5
rotation = 0.9909408689 -0.01741083525 0.1331658661 0.009199283086 0.9980316758 0.06203257293 -0.1339838356 -0.06024558097 0.9891504645
translation = -1.555292726 -0.5628051162 -0.4984115958

[view]
id = 0
name = DSC_0056_RESIZED
