# MVE view meta data is stored in INI-file syntax.
# This file is generated, formatting will get lost.

[camera]
focal_length = 2.14576602
pixel_aspect = 1
principal_point = 0.5 0.5
rotation = 0.829271853 -0.1538954526 0.5372375846 0.1563912332 0.9868320823 0.04128176346 -0.536516428 0.04978544638 0.8424200416
translation = -5.282684326 -0.5828299522 2.643941641

[view]
id = 9
name = DSC_0065_RESIZED
