# MVE view meta data is stored in INI-file syntax.
# This file is generated, formatting will get lost.

[camera]
focal_length = 2.106621504
pixel_aspect = 1
principal_point = 0.5 0.5
rotation = 0.7105440497 -0.2055190504 0.672970295 0.2192397565 0.9734495282 0.06580222398 -0.6686261892 0.1007864773 0.7367367744
translation = -6.733021259 -0.948839426 3.160562754

[view]
id = 11
name = DSC_0067_RESIZED
