# MVE view meta data is stored in INI-file syntax.
# This file is generated, formatting will get lost.

[camera]
focal_length = 2.091890812
pixel_aspect = 1
principal_point = 0.5 0.5
rotation = 0.6087728739 -0.2428719699 0.7552540898 0.2450698912 0.9629982114 0.1121388823 -0.7545437217 0.1168229207 0.645767808
translation = -7.342578888 -1.330147386 4.160428524

[view]
id = 12
name = DSC_0068_RESIZED
