# MVE view meta data is stored in INI-file syntax.
# This file is generated, formatting will get lost.

[camera]
focal_length = 2.08073163
pixel_aspect = 1
principal_point = 0.5 0.5
rotation = -0.3417988122 -0.2991784811 0.8908792734 0.2972634733 0.8648796678 0.40449664 -0.891520083 0.4030822814 -0.2066800445
translation = -8.76217556 -4.182078838 11.30824089

[view]
id = 23
name = DSC_0079_RESIZED
