# MVE view meta data is stored in INI-file syntax.
# This file is generated, formatting will get lost.

[camera]
focal_length = 2.020431757
pixel_aspect = 1
principal_point = 0.5 0.5
rotation = 0.1514690816 -0.2959597409 0.9431145191 0.3242504001 0.9162042737 0.2354387194 -0.9337658882 0.2701435387 0.2347416729
translation = -9.408511162 -2.623105764 7.258799076

[view]
id = 17
name = DSC_0073_RESIZED
