# MVE view meta data is stored in INI-file syntax.
# This file is generated, formatting will get lost.

[camera]
focal_length = 2.089654922
pixel_aspect = 1
principal_point = 0.5 0.5
rotation = -0.1784389317 -0.3050688505 0.9354637861 0.3171642423 0.8821439743 0.348179251 -0.931432426 0.3588244021 -0.06065192819
translation = -9.230015755 -3.598954439 10.45141983

[view]
id = 21
name = DSC_0077_RESIZED
