# MVE view meta data is stored in INI-file syntax.
# This file is generated, formatting will get lost.

[camera]
focal_length = 2.081742287
pixel_aspect = 1
principal_point = 0.5 0.5
rotation = -0.127402097 -0.3069349825 0.9431647658 0.3104921877 0.8907777071 0.3318277299 -0.9419996738 0.3351207972 -0.01818603836
translation = -9.286259651 -3.369027376 10.1668148

[view]
id = 20
name = DSC_0076_RESIZED
