# MVE view meta data is stored in INI-file syntax.
# This file is generated, formatting will get lost.

[camera]
focal_length = 2.200022936
pixel_aspect = 1
principal_point = 0.5 0.5
rotation = -0.488737464 -0.2948639095 0.8210913539 0.2174443752 0.8702821136 0.4419580996 -0.8448986411 0.3945431709 -0.3612229824
translation = -7.971980572 -4.205921173 13.23435688

[view]
id = 24
name = DSC_0080_RESIZED
