# MVE view meta data is stored in INI-file syntax.
# This file is generated, formatting will get lost.

[camera]
focal_length = 1.612741232
pixel_aspect = 1
principal_point = 0.5 0.5
rotation = 0.9888527989 -0.03738935664 0.1441253722 0.03302099556 0.9989233017 0.03258411586 -0.1451885104 -0.02746172808 0.9890227914
translation = -1.647871375 -0.09648307413 0.606143713

[view]
id = 2
name = DSC_0058_RESIZED
