# MVE view meta data is stored in INI-file syntax.
# This file is generated, formatting will get lost.

[camera]
focal_length = 2.085595846
pixel_aspect = 1
principal_point = 0.5 0.5
rotation = 0.4420814514 -0.2751312852 0.853736937 0.2806442082 0.9464356303 0.1596820652 -0.8519406319 0.1690038592 0.4956156313
translation = -8.373748779 -1.792635441 5.448238373

[view]
id = 14
name = DSC_0070_RESIZED
