# MVE view meta data is stored in INI-file syntax.
# This file is generated, formatting will get lost.

[camera]
focal_length = 2.119191408
pixel_aspect = 1
principal_point = 0.5 0.5
rotation = 0.7845606804 -0.1703093797 0.5962039828 0.1774763614 0.9829900265 0.04725135863 -0.5941100121 0.0687405616 0.8014412522
translation = -6.00322628 -0.6652930975 2.766723871

[view]
id = 10
name = DSC_0066_RESIZED
