# MVE view meta data is stored in INI-file syntax.
# This file is generated, formatting will get lost.

[camera]
focal_length = 2.068932533
pixel_aspect = 1
principal_point = 0.5 0.5
rotation = 0.3581276834 -0.2869895995 0.8884714246 0.294421345 0.9377499223 0.1842311472 -0.886036396 0.1956067234 0.4203300476
translation = -8.802513123 -1.980823159 5.845748425

[view]
id = 15
name = DSC_0071_RESIZED
