# MVE view meta data is stored in INI-file syntax.
# This file is generated, formatting will get lost.

[camera]
focal_length = 1.985497355
pixel_aspect = 1
principal_point = 0.5 0.5
rotation = 0.9877972603 -0.0118817864 0.1552909166 0.01182316523 0.9999292493 0.001301147393 -0.1552954018 0.0005507599562 0.9878679514
translation = -1.892819166 -0.102042675 0.3657652438

[view]
id = 3
name = DSC_0059_RESIZED
