# MVE view meta data is stored in INI-file syntax.
# This file is generated, formatting will get lost.

[camera]
focal_length = 1.964529395
pixel_aspect = 1
principal_point = 0.5 0.5
rotation = 0.9951655269 -0.02797771059 0.09414248914 0.02828576602 0.9995980859 -0.001939146779 -0.09405039996 0.004592665005 0.995556891
translation = -1.029979467 -0.01535195298 0.08089709282

[view]
id = 5
name = DSC_0061_RESIZED
