# MVE view meta data is stored in INI-file syntax.
# This file is generated, formatting will get lost.

[camera]
focal_length = 1.988987088
pixel_aspect = 1
principal_point = 0.5 0.5
rotation = 0.9738746285 -0.05231831223 0.2209768146 0.05358917266 0.9985631108 0.0002443611738 -0.2206721157 0.01160398684 0.9752790928
translation = -2.311234951 -0.049893938 0.2472735047

[view]
id = 6
name = DSC_0062_RESIZED
